0 (0, 0, 0)
1 (2, 3, 2)
2 (2, 0, 0)
3 (0, 3, 0)
4 (3, 3, 3)
5 (1, 0, 1)
6 (1, 3, 1)
7 (3, 0, 1)
8 (0, 0, 2)
9 (2, 3, 2)
10 (2, 0, 2)
11 (0, 3, 0)
12 (3, 3, 3)
13 (1, 0, 3)
14 (1, 3, 1)
15 (3, 0, 3)
16 (3, 2, 3)
17 (1, 1, 0)
18 (1, 2, 1)
19 (3, 1, 0)
20 (0, 1, 1)
21 (2, 2, 2)
22 (2, 1, 1)
23 (0, 2, 0)
24 (3, 2, 3)
25 (1, 1, 2)
26 (1, 2, 1)
27 (3, 1, 2)
28 (0, 1, 3)
29 (2, 2, 2)
30 (2, 1, 3)
31 (0, 2, 0)
32 (0, 2, 0)
33 (2, 1, 2)
34 (2, 2, 0)
35 (0, 1, 0)
36 (3, 1, 3)
37 (1, 2, 1)
38 (1, 1, 1)
39 (3, 2, 1)
40 (0, 2, 2)
41 (2, 1, 2)
42 (2, 2, 2)
43 (0, 1, 0)
44 (3, 1, 3)
45 (1, 2, 3)
46 (1, 1, 1)
47 (3, 2, 3)
48 (3, 0, 3)
49 (1, 3, 0)
50 (1, 0, 1)
51 (3, 3, 0)
52 (0, 3, 1)
53 (2, 0, 2)
54 (2, 3, 1)
55 (0, 0, 0)
56 (3, 0, 3)
57 (1, 3, 2)
58 (1, 0, 1)
59 (3, 3, 2)
60 (0, 3, 3)
61 (2, 0, 2)
62 (2, 3, 3)
63 (0, 0, 0)
